
thermalState[i][t]
1	1	1	1	0	0	0	0	0	0	0	0	0	0	0	0	0	0	0	0	0	0	0	0	
1	1	1	1	0	0	0	0	0	0	0	0	0	0	0	1	1	1	1	1	1	1	0	0	
1	1	1	1	0	0	0	0	0	0	0	0	0	0	0	0	0	0	0	0	0	0	0	0	
1	1	1	1	0	0	0	0	0	0	0	0	0	0	0	0	0	0	0	0	0	0	0	0	
1	1	1	1	1	1	1	1	1	1	1	1	1	1	1	1	1	1	1	1	1	1	1	1	
1	1	1	1	1	1	1	1	1	1	1	1	1	1	1	1	1	1	1	1	1	1	1	1	
1	1	1	1	0	0	0	0	0	0	0	0	0	0	0	0	0	0	0	0	0	0	0	0	
0	0	0	0	0	0	1	1	1	1	1	1	1	1	1	1	1	1	1	1	1	1	0	0	
0	0	0	0	0	0	1	1	1	1	1	1	1	1	1	1	1	1	1	1	1	1	1	0	
0	0	0	0	0	0	0	0	0	0	0	0	0	0	0	0	0	0	0	0	0	0	0	0	
0	0	0	0	0	0	0	0	1	0	0	1	0	0	0	0	0	0	0	0	0	0	0	0	
1	1	0	0	0	0	0	1	1	1	1	1	0	0	0	0	1	1	1	0	0	0	0	0	
1	1	0	0	0	0	1	1	1	1	1	1	1	1	1	1	1	1	1	1	0	0	0	0	
0	0	0	0	0	0	0	0	0	0	0	0	0	0	0	0	0	0	0	0	0	0	0	0	
0	0	0	0	0	0	0	0	0	0	0	0	0	0	0	0	0	0	0	0	0	0	0	0	
1	1	0	0	0	0	0	0	1	1	1	0	0	0	0	0	0	0	0	0	0	0	0	0	

thermalPower
303.306	303.306	303.306	303.306	0	0	0	0	0	0	0	0	0	0	0	0	0	0	0	0	0	0	0	0	
364.645	364.645	364.645	364.645	0	0	0	0	0	0	0	0	0	0	0	831.2	896.588	978.99	831.2	992.983	831.2	1054.9	0	0	
364.645	364.645	364.645	364.645	0	0	0	0	0	0	0	0	0	0	0	0	0	0	0	0	0	0	0	0	
364.645	364.645	364.645	364.645	0	0	0	0	0	0	0	0	0	0	0	0	0	0	0	0	0	0	0	0	
302.524	302.524	302.524	302.524	636	1030.81	1308	1644	1805.66	1644	1644	1644	1308	1308	1308	1308	1614.61	1400.99	1557.49	1309.86	1474.95	1248.78	1285.06	972	
302.524	302.524	302.524	302.524	636	972	1308	1644	1644	1663.45	1777.73	1700.5	1586.15	1308	1594.96	1432.82	1309.86	1644	1308	1409.21	1309.86	1308	1308	972	
240.609	240.609	240.609	240.609	0	0	0	0	0	0	0	0	0	0	0	0	0	0	0	0	0	0	0	0	
0	0	0	0	0	0	263	602	715	715	715	715	489	263	489	696.025	715	715	616.962	715	602	357.5	0	0	
0	0	0	0	0	0	324	645.545	660	660	660	660	548	324	504.091	660	660	660	660	660	592.596	660	330	0	
0	0	0	0	0	0	0	0	0	0	0	0	0	0	0	0	0	0	0	0	0	0	0	0	
0	0	0	0	0	0	0	0	90.0857	0	0	144.55	0	0	0	0	0	0	0	0	0	0	0	0	
120.377	120.377	0	0	0	0	0	392.505	456.505	388.8	523.2	396	0	0	0	0	396	561.067	254.4	0	0	0	0	0	
150.584	150.584	0	0	0	0	379.05	654	822	822	866.123	822	650.9	379.05	486	654	990	822	654	495	0	0	0	0	
0	0	0	0	0	0	0	0	0	0	0	0	0	0	0	0	0	0	0	0	0	0	0	0	
0	0	0	0	0	0	0	0	0	0	0	0	0	0	0	0	0	0	0	0	0	0	0	0	
120.377	120.377	0	0	0	0	0	0	388.8	388.8	396	0	0	0	0	0	0	0	0	0	0	0	0	0	

Up Reserve
0	0	0	0	0	0	0	0	0	0	0	0	0	0	0	0	0	0	0	0	0	0	0	0	
0	0	538.265	508.375	0	0	0	0	0	0	0	0	0	0	0	600	600	600	600	600	600	600	0	0	
0	0	0	0	0	0	0	0	0	0	0	0	0	0	0	0	0	0	0	0	0	0	0	0	
0	598.045	0	0	0	0	0	0	0	0	0	0	0	0	0	0	0	0	0	0	0	0	0	0	
612.99	0	0	0	612.99	750	256.205	336	168.465	336	336	336	0	464.245	497.845	41.9499	59.595	579.007	267.682	213.567	0.91504	0	91.7629	0	
0	0	0	0	0	87.41	672	336	336	30.05	95.0427	279.5	381.675	0	385.041	547.175	670.145	336	672	570.788	670.145	386.86	672	484.01	
0	0	0	0	0	0	0	0	0	0	0	0	0	0	0	0	0	0	0	0	0	0	0	0	
0	0	0	0	0	0	0	113	0	0	0	0	226	250	226	0	0	0	98.0383	0	0	0	0	0	
0	0	0	0	0	0	250	14.455	0	0	0	0	112	0	155.909	0	0	0	0	0	0	0	0	0	
0	0	0	0	0	0	0	0	0	0	0	0	0	0	0	0	0	0	0	0	0	0	0	0	
0	0	0	0	0	0	0	0	150	0	0	150	0	0	0	0	0	0	0	0	0	0	0	0	
0	0	0	0	0	0	0	300	300	300	268.8	300	0	0	0	0	300	230.933	0	0	0	0	0	0	
0	0	0	0	0	0	0	336	0	168	123.877	168	339.1	350	350	336	0	168	336	350	0	0	0	0	
0	0	0	0	0	0	0	0	0	0	0	0	0	0	0	0	0	0	0	0	0	0	0	0	
0	0	0	0	0	0	0	0	0	0	0	0	0	0	0	0	0	0	0	0	0	0	0	0	
0	0	0	0	0	0	0	0	250	250	250	0	0	0	0	0	0	0	0	0	0	0	0	0	

Down Reserve
0	0	0	0	0	0	0	0	0	0	0	0	0	0	0	0	0	0	0	0	0	0	0	0	
0	0	0	0	0	0	0	0	0	0	0	0	0	0	0	0	0	0	0	0	0	0	0	0	
0	0	0	0	0	0	0	0	0	0	0	0	0	0	0	0	0	0	0	0	0	0	0	0	
0	0	0	0	0	0	0	0	0	0	0	0	0	0	0	0	0	0	0	0	0	0	0	0	
0	0	0	0	0	0	0	0	0	0	0	0	0	0	0	0	0	0	0	0	0	0	0	0	
0	0	0	0	0	0	0	0	0	0	0	0	0	0	0	0	0	0	0	0	0	0	0	0	
0	0	0	0	0	0	0	0	0	0	0	0	0	0	0	0	0	0	0	0	0	0	0	0	
0	0	0	0	0	0	0	0	0	0	0	0	0	0	0	0	0	0	0	0	0	0	0	0	
0	0	0	0	0	0	0	0	0	0	0	0	0	0	0	0	0	0	0	0	0	0	0	0	
0	0	0	0	0	0	0	0	0	0	0	0	0	0	0	0	0	0	0	0	0	0	0	0	
0	0	0	0	0	0	0	0	0	0	0	0	0	0	0	0	0	0	0	0	0	0	0	0	
0	0	0	0	0	0	0	0	0	0	0	0	0	0	0	0	0	0	0	0	0	0	0	0	
0	0	0	0	0	0	0	0	0	0	0	0	0	0	0	0	0	0	0	0	0	0	0	0	
0	0	0	0	0	0	0	0	0	0	0	0	0	0	0	0	0	0	0	0	0	0	0	0	
0	0	0	0	0	0	0	0	0	0	0	0	0	0	0	0	0	0	0	0	0	0	0	0	
0	0	0	0	0	0	0	0	0	0	0	0	0	0	0	0	0	0	0	0	0	0	0	0	

fuelCost 
4906.6	5433.02	5433.02	5433.02	4337.05	4337.05	3997.04	0	0	0	0	2250.4	2584.85	0	0	2250.4	
4906.6	5433.02	5433.02	5433.02	4337.05	4337.05	3997.04	0	0	0	0	2250.4	2584.85	0	0	2250.4	
4906.6	5433.02	5433.02	5433.02	4337.05	4337.05	3997.04	0	0	0	0	0	0	0	0	0	
4906.6	5433.02	5433.02	5433.02	4337.05	4337.05	3997.04	0	0	0	0	0	0	0	0	0	
0	0	0	0	7488.22	7488.22	0	0	0	0	0	0	0	0	0	0	
0	0	0	0	11734.1	11044.8	0	0	0	0	0	0	0	0	0	0	
0	0	0	0	14983	14983	0	4074.7	4496.21	0	0	0	5313.94	0	0	0	
0	0	0	0	19302.8	19302.8	0	8503.52	8765.29	0	0	5935.8	8840.37	0	0	0	
0	0	0	0	21564.7	19302.8	0	10079.4	8963.8	0	1773.84	6858.77	11148	0	0	5882.37	
0	0	0	0	19302.8	19574.9	0	10079.4	8963.8	0	0	5882.37	11148	0	0	5882.37	
0	0	0	0	19302.8	21173.9	0	10079.4	8963.8	0	0	7820.61	11783	0	0	5986.2	
0	0	0	0	19302.8	20093.3	0	10079.4	8963.8	0	2628.16	5986.2	11148	0	0	0	
0	0	0	0	14983	18559	0	6977.44	7425.68	0	0	0	8799.82	0	0	0	
0	0	0	0	14983	14983	0	4074.7	4496.21	0	0	0	5313.94	0	0	0	
0	0	0	0	14983	18672.3	0	6977.44	6841.85	0	0	0	6642.83	0	0	0	
0	11231.3	0	0	14983	16587.8	0	9814.77	8963.8	0	0	0	8840.37	0	0	0	
0	12172.1	0	0	18924.9	15006.9	0	10079.4	8963.8	0	0	5986.2	13565.7	0	0	0	
0	13357.7	0	0	16178.6	19302.8	0	10079.4	8963.8	0	0	8389.2	11148	0	0	0	
0	11231.3	0	0	18190.5	14983	0	8712.17	8963.8	0	0	4023.97	8840.37	0	0	0	
0	13559.1	0	0	15006.9	16284.2	0	10079.4	8963.8	0	0	0	6760.56	0	0	0	
0	11231.3	0	0	17129.4	15006.9	0	8503.52	8038.13	0	0	0	0	0	0	0	
0	14449.9	0	0	14289	14983	0	5267.64	8963.8	0	0	0	0	0	0	0	
0	0	0	0	14714.1	14983	0	0	4573.37	0	0	0	0	0	0	0	
0	0	0	0	11044.8	11044.8	0	0	0	0	0	0	0	0	0	0	
