
thermalState[i][t]
1	1	1	1	1	1	1	1	1	1	1	1	1	1	1	1	1	1	1	1	1	1	1	1	
1	1	1	1	1	1	1	1	1	1	1	1	1	1	1	1	1	1	1	1	1	1	1	1	
1	1	1	1	1	1	1	1	1	1	1	1	1	1	1	1	1	1	1	1	1	1	1	1	
1	1	1	1	1	1	1	1	1	1	1	1	1	1	1	1	1	1	1	1	1	1	1	1	
1	1	1	1	1	1	1	1	1	1	1	1	1	1	1	1	1	1	1	1	1	1	1	1	
1	1	1	1	1	1	1	1	1	1	1	1	1	1	1	1	1	1	1	1	1	1	1	1	
1	1	1	1	1	1	1	1	1	1	1	1	1	1	1	1	1	1	1	1	1	1	1	0	
1	1	1	1	1	1	1	1	1	1	1	1	1	1	1	1	1	1	1	1	1	1	1	1	
1	1	1	1	1	1	1	1	1	1	1	1	1	1	1	1	1	1	1	1	1	1	1	1	
0	0	0	0	0	0	1	1	1	1	1	1	1	1	1	1	1	1	1	1	1	0.999999	0	0	
0	0	0	0	1	1	1	1	1	1	1	1	1	1	1	1	1	1	1	1	1	1	1	0	
0	0	0	0	0	1	1	1	1	1	1	1	1	1	1	1	1	1	1	1	1	1	1	0	
1	1	1	1	1	1	1	1	1	1	1	1	1	1	1	1	1	1	1	1	1	1	1	1	
0	0	0	0	0	0	0	1	1	1	1	1	1	1	1	1	1	1	1	1	1	0	0	0	
0	0	0	0	0	0	0	1	1	1	1	1	1	1	1	1	1	1	1	1	1	0	0	0	
1	1	1	1	1	1	1	1	1	1	1	1	1	1	1	1	1	1	1	1	1	1	1	1	

thermalPower
700	700	500.711	500	700	700	1100	1300	1300	1300	1300	1300	1300	1300	1300	1300	1300	1300	1300	1300	1100	900	700	852.78	
952.006	841.074	840	840	840	1080	1320.94	1560	1560	1560	1560	1560	1560	1560	1560	1560	1560	1560	1560	1560	1450.62	1302.12	1080	1080	
841.074	841.074	840	840	840	1080	1317.69	1560	1560	1560	1560	1560	1560	1560	1560	1560	1560	1560	1560	1560	1320.94	1081	1080	1080	
840	856.992	840	840	840	1080	1320	1560	1560	1560	1560	1560	1560	1560	1560	1560	1560	1560	1560	1560	1320.94	1080	1049.54	1080	
1800	1800	1800	1800	1800	1800	1800	1800	1800	1800	1800	1800	1800	1800	1800	1800	1800	1800	1800	1800	1800	1800	1800	1800	
1800	1800	1800	1800	1800	1800	1800	1800	1800	1800	1800	1800	1800	1800	1800	1800	1800	1800	1800	1800	1800	1800	1800	1800	
560	560	560	400	560	643.72	1040	1040	1040	1040	1040	1040	1040	1040	1040	1040	1040	1040	1040	1040	1040	800	400	0	
650	650	612.669	550	650	650	650	650	650	650	650	650	650	650	650	650	650	650	650	650	650	650	650	650	
600	600	600	600	600	600	600	600	600	600	600	600	600	600	600	600	600	600	600	600	600	600	600	600	
0	0	0	0	0	0	50	100	150	195	195	195	195	195	195	195	195	195	195	150	100	50	0	0	
0	0	0	0	100	200	300	390	390	390	390	390	390	390	390	390	390	390	390	390	290	190	90.0672	0	
0	0	0	0	0	250	500	720	720	720	720	720	720	720	720	720	720	720	720	720	720	480	250	0	
750	750	750	750	750	900	900	900	900	900	900	900	900	900	900	900	900	900	900	900	900	900	750.39	900	
0	0	0	0	0	0	0	125	227	227	227	227	227	227	227	227	227	227	227	192	87.0217	0	0	0	
0	0	0	0	0	0	0	90	180	260	260	260	260	260	260	260	260	260	260	180	90	0	0	0	
360	360	240	240	360	480	630	720	720	720	720	720	720	720	720	720	720	720	720	720	720	570	420	480	

Up Reserve
0	375.914	0	0	0	0	0	0	0	0	0	0	0	0	0	0	0	0	0	0	0	0	0	0	
0	0	0	0	0	0	0	0	0	0	0	0	0	0	0	0	0	0	0	0	0	0	0	0	
0	0	0	319.55	0	0	0	0	0	0	0	0	0	0	0	0	0	0	0	0	0	0	0	0	
0	0	0	0	0	0	0	0	0	0	0	0	0	0	0	0	0	0	0	0	0	0	0	0	
0	0	0	0	0	0	0	0	0	0	0	0	0	0	0	0	0	0	0	0	0	0	0	0	
0	0	0	0	0	0	0	0	0	0	0	0	0	0	0	0	0	0	0	0	0	0	0	0	
385.308	0	338.338	0	0	0	0	0	0	0	0	0	0	0	0	0	0	0	0	0	0	0	0	0	
0	0	0	0	0	0	0	0	0	0	0	0	0	0	0	0	0	0	0	0	0	0	0	0	
0	0	0	0	0	0	0	0	0	0	0	0	0	0	0	0	0	0	0	0	0	0	0	0	
0	0	0	0	0	0	0	0	0	0	0	0	0	0	0	0	0	0	0	44.9999	0	0	0	0	
0	0	0	0	0	0	0	0	0	0	0	0	0	0	0	0	0	0	0	0	0	0	0	0	
0	0	0	0	0	0	0	0	0	0	0	0	0	0	0	0	0	0	0	0	0	0	0	0	
0	0	0	0	0	0	0	0	0	0	0	0	0	0	0	0	0	0	0	0	0	0	0	0	
0	0	0	0	0	0	0	0	0	0	0	0	0	0	0	0	0	0	0	0	0	0	0	0	
0	0	0	0	0	0	0	0	0	0	0	0	0	0	0	0	0	0	0	0	0	0	0	0	
0	0	0	0	0	0	0	0	0	0	0	0	0	0	0	0	0	0	0	0	0	0	0	0	

Down Reserve
0	140.968	126.877	119.831	144.491	0	0	0	0	0	0	0	0	0	0	0	0	0	0	0	0	0	0	0	
0	0	0	0	0	0	0	0	0	0	0	0	0	75.8578	0	0	0	0	0	108.812	0	0	0	0	
0	0	0	0	0	197.39	0	0	0	0	0	0	0	0	0	0	244.387	0	0	0	299.607	0	0	0	
0	0	0	0	0	0	0	0	0	0	0	0	0	0	0	0	0	0	0	0	0	0	0	0	
144.491	0	0	0	0	0	0	0	42.4868	0	0	0	0	0	0	0	0	0	0	0	0	0	0	0	
0	0	0	0	0	0	277.72	0	0	0	0	0	0	0	380.63	0	0	0	0	0	0	0	0	0	
0	0	0	0	0	0	0	0	0	0	0	0	0	0	0	0	0	0	0	0	0	0	0	0	
0	0	0	0	0	0	0	0	0	0	0	0	0	0	0	209.494	0	0	0	0	0	232.617	0	0	
0	0	0	0	0	0	0	0	0	0	0	0	0	0	0	0	0	0	0	0	0	0	0	0	
0	0	0	0	0	0	0	0	0	0	0	0	0	0	0	0	0	0	0	0	0	0	0	0	
0	0	0	0	0	0	0	0	150	0	0	0	0	0	0	150	0	0	150	0	0	0	0	0	
0	0	0	0	0	0	0	0	0	0	0	0	0	0	0	0	0	0	0	300	0	0	0	0	
0	0	0	0	0	0	0	338.357	0	0	0	0	0	0	0	0	0	0	315.234	0	0	0	0	162.104	
0	0	0	0	0	0	0	0	90	0	0	0	0	90	0	0	0	0	0	0	0	0	0	0	
0	0	0	0	0	0	0	0	0	0	0	0	0	0	0	0	0	0	0	0	0	0	0	0	
0	0	0	0	0	0	0	0	0	0	0	0	0	250	0	0	0	0	0	0	0	0	0	0	

fuelCost 
7867.61	9964.63	8774.77	8763.25	16494.6	16494.6	6356.89	7051.93	6257.19	0	0	0	7805.33	0	0	4214.18	
7867.61	8774.77	8774.77	8945.51	16494.6	16494.6	6356.89	7051.93	6257.19	0	0	0	7805.33	0	0	4214.18	
5764.71	8763.25	8763.25	8763.25	16494.6	16494.6	6356.89	6658.01	6257.19	0	0	0	7805.33	0	0	2946.62	
5757.21	8763.25	8763.25	8763.25	16494.6	16494.6	4674.97	5996.73	6257.19	0	0	0	7805.33	0	0	2946.62	
7867.61	8763.25	8763.25	8763.25	16494.6	16494.6	6356.89	7051.93	6257.19	0	1484.2	0	7805.33	0	0	4214.18	
7867.61	11337.5	11337.5	11337.5	16494.6	16494.6	7277.14	7051.93	6257.19	0	2700.2	3052.25	9429.38	0	0	5530.7	
12448.4	14107.6	14069.5	14096	16494.6	16494.6	11863.4	7051.93	6257.19	1240	3952.92	5758.28	9429.38	0	0	7249.79	
14918.8	17038.9	17038.9	17038.9	16494.6	16494.6	11863.4	7051.93	6257.19	1881.25	5108.88	8310.62	9429.38	2362.62	2141.53	8310.62	
14918.8	17038.9	17038.9	17038.9	16494.6	16494.6	11863.4	7051.93	6257.19	2532.19	5108.88	8310.62	9429.38	3756.65	3500.53	8310.62	
14918.8	17038.9	17038.9	17038.9	16494.6	16494.6	11863.4	7051.93	6257.19	3125.56	5108.88	8310.62	9429.38	3756.65	4733.49	8310.62	
14918.8	17038.9	17038.9	17038.9	16494.6	16494.6	11863.4	7051.93	6257.19	3125.56	5108.88	8310.62	9429.38	3756.65	4733.49	8310.62	
14918.8	17038.9	17038.9	17038.9	16494.6	16494.6	11863.4	7051.93	6257.19	3125.56	5108.88	8310.62	9429.38	3756.65	4733.49	8310.62	
14918.8	17038.9	17038.9	17038.9	16494.6	16494.6	11863.4	7051.93	6257.19	3125.56	5108.88	8310.62	9429.38	3756.65	4733.49	8310.62	
14918.8	17038.9	17038.9	17038.9	16494.6	16494.6	11863.4	7051.93	6257.19	3125.56	5108.88	8310.62	9429.38	3756.65	4733.49	8310.62	
14918.8	17038.9	17038.9	17038.9	16494.6	16494.6	11863.4	7051.93	6257.19	3125.56	5108.88	8310.62	9429.38	3756.65	4733.49	8310.62	
14918.8	17038.9	17038.9	17038.9	16494.6	16494.6	11863.4	7051.93	6257.19	3125.56	5108.88	8310.62	9429.38	3756.65	4733.49	8310.62	
14918.8	17038.9	17038.9	17038.9	16494.6	16494.6	11863.4	7051.93	6257.19	3125.56	5108.88	8310.62	9429.38	3756.65	4733.49	8310.62	
14918.8	17038.9	17038.9	17038.9	16494.6	16494.6	11863.4	7051.93	6257.19	3125.56	5108.88	8310.62	9429.38	3756.65	4733.49	8310.62	
14918.8	17038.9	17038.9	17038.9	16494.6	16494.6	11863.4	7051.93	6257.19	3125.56	5108.88	8310.62	9429.38	3756.65	4733.49	8310.62	
14918.8	17038.9	17038.9	17038.9	16494.6	16494.6	11863.4	7051.93	6257.19	2532.19	5108.88	8310.62	9429.38	3273.79	3500.53	8310.62	
12448.4	15697.7	14107.6	14107.6	16494.6	16494.6	11863.4	7051.93	6257.19	1881.25	3825.92	8310.62	9429.38	1853.42	2141.53	8310.62	
10098	13890.5	11349	11337.5	16494.6	16494.6	9033.37	7051.93	6257.19	1240	2577.52	5530.7	9429.38	0	0	6554.81	
7867.61	11337.5	11337.5	11010.8	16494.6	16494.6	4674.97	7051.93	6257.19	0	1364.49	3052.25	7809.55	0	0	4872.44	
9571.41	11337.5	11337.5	11337.5	16494.6	16494.6	0	7051.93	6257.19	0	0	0	9429.38	0	0	5530.7	
