
thermalState[i][t]
1	1	1	1	0	0	0	0	0	0	0	0	0	0	0	0	0	0	0	0	0	0	0	0	
1	1	1	1	0	0	0	0	0	0	1	1	1	1	1	1	1	1	1	0	0	0	0	0	
1	1	1	1	0	0	0	0	0	0	0	0	0	0	0	0	0	0	0	0	0	0	0	0	
1	1	1	1	0	0	0	0	0	0	0	0	0	0	0	0	0	0	0	0	0	0	0	0	
1	1	1	1	1	1	1	1	1	1	1	1	1	1	1	1	1	1	1	1	1	1	1	0	
1	1	1	1	1	1	1	1	1	1	1	1	1	1	1	1	1	1	1	1	1	1	0	0	
1	1	1	1	0	0	0	0	0	0	0	0	0	0	0	0	0	0	0	0	0	0	0	0	
0	0	0	0	0	0	0	0	0	0	0	0	0	0	0	0	0	0	0	0	0	0	0	0	
0	0	0	0	0	0	0	0	0	1	1	1	1	1	1	1	1	1	1	1	1	1	1	0	
0	0	0	0	0	0	0	0	0	0	0	0	0	0	0	0	0	0	0	0	0	0	0	0	
0	0	0	0	0	0	0	0	0	0	0	0	0	0	0	0	0	0	0	0	0	0	0	0	
1	1	0	0	0	0	0	0	0	0	0	0	0	0	0	0	0	0	0	0	0	0	0	0	
1	1	0	0	0	0	0	0	1	1	1	1	1	0	0	0	0	0	0	0	0	0	0	0	
0	0	0	0	0	0	0	0	0	0	0	0	0	0	0	0	0	0	0	0	0	0	0	0	
0	0	0	0	0	0	0	0	0	0	0	0	0	0	0	0	0	0	0	0	0	0	0	0	
1	1	0	0	0	0	0	0	0	0	0	0	0	0	0	0	0	0	0	0	0	0	0	0	

thermalPower
303.306	303.306	303.306	303.306	0	0	0	0	0	0	0	0	0	0	0	0	0	0	0	0	0	0	0	0	
364.645	364.645	364.645	364.645	0	0	0	0	0	0	831.2	831.2	831.2	831.2	821.052	364.645	542.148	831.2	831.2	0	0	0	0	0	
364.645	364.645	364.645	364.645	0	0	0	0	0	0	0	0	0	0	0	0	0	0	0	0	0	0	0	0	
364.645	364.645	364.645	364.645	0	0	0	0	0	0	0	0	0	0	0	0	0	0	0	0	0	0	0	0	
302.524	351.911	358.06	336.163	302.524	636	1308	972	1540.75	1884.35	1644	1670.3	1645.7	1309.86	1308	1308	1308	1972.68	1944.84	1308	1329.54	1309.86	693	0	
302.847	302.524	302.524	302.524	302.524	896.897	1308	1166.69	1644	1980	1656.84	1980	1828.02	1379.66	1308	1114.09	1308	1645.7	1980	1308	1386	693	0	0	
240.609	240.609	240.609	240.609	0	0	0	0	0	0	0	0	0	0	0	0	0	0	0	0	0	0	0	0	
0	0	0	0	0	0	0	0	0	0	0	0	0	0	0	0	0	0	0	0	0	0	0	0	
0	0	0	0	0	0	0	0	0	231	462	660	660	429	324	100.255	324	548	660	429	324	295.489	127.606	0	
0	0	0	0	0	0	0	0	0	0	0	0	0	0	0	0	0	0	0	0	0	0	0	0	
0	0	0	0	0	0	0	0	0	0	0	0	0	0	0	0	0	0	0	0	0	0	0	0	
120.377	120.377	0	0	0	0	0	0	0	0	0	0	0	0	0	0	0	0	0	0	0	0	0	0	
150.584	150.584	0	0	0	0	0	0	346.5	693	822	693	346.5	0	0	0	0	0	0	0	0	0	0	0	
0	0	0	0	0	0	0	0	0	0	0	0	0	0	0	0	0	0	0	0	0	0	0	0	
0	0	0	0	0	0	0	0	0	0	0	0	0	0	0	0	0	0	0	0	0	0	0	0	
120.377	120.377	0	0	0	0	0	0	0	0	0	0	0	0	0	0	0	0	0	0	0	0	0	0	

Up Reserve
358.599	349.856	314.885	0	0	0	0	0	0	0	0	0	0	0	0	0	0	0	0	0	0	0	0	0	
0	0	0	0	0	0	0	0	0	0	0	0	0	0	0	0	0	0	0	0	0	0	0	0	
0	0	0	0	0	0	0	0	0	0	0	0	0	0	0	0	0	0	0	0	0	0	0	0	
0	0	0	0	0	0	0	0	0	0	0	0	0	0	0	0	0	0	0	0	0	0	0	0	
0	0	0	0	0	0	0	0	0	0	0	0	0	0	0	0	0	0	0	0	0	0	0	0	
0	0	0	0	0	0	0	0	0	0	0	0	0	0	0	0	0	0	0	0	0	0	0	0	
0	0	0	0	0	0	0	0	0	0	0	0	0	0	0	0	0	0	0	0	0	0	0	0	
0	0	0	0	0	0	0	0	0	0	0	0	0	0	0	0	0	0	0	0	0	0	0	0	
0	0	0	0	0	0	0	0	0	0	0	0	0	0	0	0	0	0	0	0	0	0	0	0	
0	0	0	0	0	0	0	0	0	0	0	0	0	0	0	0	0	0	0	0	0	0	0	0	
0	0	0	0	0	0	0	0	0	0	0	0	0	0	0	0	0	0	0	0	0	0	0	0	
0	0	0	0	0	0	0	0	0	0	0	0	0	0	0	0	0	0	0	0	0	0	0	0	
0	0	0	0	0	0	0	0	0	0	0	0	0	0	0	0	0	0	0	0	0	0	0	0	
0	0	0	0	0	0	0	0	0	0	0	0	0	0	0	0	0	0	0	0	0	0	0	0	
0	0	0	0	0	0	0	0	0	0	0	0	0	0	0	0	0	0	0	0	0	0	0	0	
0	0	0	0	0	0	0	0	0	0	0	0	0	0	0	0	0	0	0	0	0	0	0	0	

Down Reserve
3.30646	3.30646	3.30646	3.30646	0	0	0	0	0	0	0	0	0	0	0	0	0	0	0	0	0	0	0	0	
4.64501	4.64501	4.64501	4.64501	0	0	0	0	0	0	0	266.897	0	0	0	0	0	0	0	0	0	0	0	0	
0	0	0	0	0	0	0	0	0	0	0	0	0	0	0	0	0	0	0	0	0	0	0	0	
0	0	0	0	0	0	0	0	0	0	0	0	0	0	0	0	0	0	0	0	0	0	0	0	
0	0	0	0	0	48.5069	0	0	223.711	0	259.051	0	7.08922	0	0	0	0	251.205	0	0	0	0	48.2577	0	
0	0	0	0	0	0	0	0	0	0	0	0	0	231.557	0	0	213.903	0	259.051	0	214.491	0	0	0	
0	0	0	0	0	0	0	0	0	0	0	0	0	0	0	0	0	0	0	0	0	0	0	0	
0	0	0	0	0	0	0	0	0	0	0	0	0	0	0	0	0	0	0	0	0	0	0	0	
0	0	0	0	0	0	0	0	0	0	0	0	250	0	0	0	0	0	0	0	0	147.536	0	0	
0	0	0	0	0	0	0	0	0	0	0	0	0	0	0	0	0	0	0	0	0	0	0	0	
0	0	0	0	0	0	0	0	0	0	0	0	0	0	0	0	0	0	0	0	0	0	0	0	
0	0	0	0	0	0	0	0	0	0	0	0	0	0	0	0	0	0	0	0	0	0	0	0	
0	0	0	0	0	0	0	0	0	247.282	0	0	0	0	0	0	0	0	0	0	0	0	0	0	
0	0	0	0	0	0	0	0	0	0	0	0	0	0	0	0	0	0	0	0	0	0	0	0	
0	0	0	0	0	0	0	0	0	0	0	0	0	0	0	0	0	0	0	0	0	0	0	0	
0	0	0	0	0	0	0	0	0	0	0	0	0	0	0	0	0	0	0	0	0	0	0	0	

fuelCost 
4906.6	5433.02	5433.02	5433.02	4337.05	4340.11	3997.04	0	0	0	0	2250.4	2584.85	0	0	2250.4	
4906.6	5433.02	5433.02	5433.02	4803.73	4337.05	3997.04	0	0	0	0	2250.4	2584.85	0	0	2250.4	
4906.6	5433.02	5433.02	5433.02	4861.84	4337.05	3997.04	0	0	0	0	0	0	0	0	0	
4906.6	5433.02	5433.02	5433.02	4654.93	4337.05	3997.04	0	0	0	0	0	0	0	0	0	
0	0	0	0	4337.05	4337.05	0	0	0	0	0	0	0	0	0	0	
0	0	0	0	7488.22	10249.8	0	0	0	0	0	0	0	0	0	0	
0	0	0	0	14983	14983	0	0	0	0	0	0	0	0	0	0	
0	0	0	0	11044.8	13326.7	0	0	0	0	0	0	0	0	0	0	
0	0	0	0	17975.4	19302.8	0	0	0	0	0	0	4909.49	0	0	0	
0	0	0	0	22665.8	24004.1	0	0	3340.89	0	0	0	9376.07	0	0	0	
0	11231.3	0	0	19302.8	19482.4	0	0	6282.19	0	0	0	11148	0	0	0	
0	11231.3	0	0	19670.8	24004.1	0	0	8963.8	0	0	0	9376.07	0	0	0	
0	11231.3	0	0	19326.6	21877.6	0	0	8963.8	0	0	0	4909.49	0	0	0	
0	11231.3	0	0	15006.9	15904.3	0	0	5846.47	0	0	0	0	0	0	0	
0	11105.2	0	0	14983	14983	0	0	4496.21	0	0	0	0	0	0	0	
0	5433.02	0	0	14983	12710.2	0	0	1765.48	0	0	0	0	0	0	0	
0	7639.01	0	0	14983	14983	0	0	4496.21	0	0	0	0	0	0	0	
0	11231.3	0	0	23901.7	19326.6	0	0	7425.68	0	0	0	0	0	0	0	
0	11231.3	0	0	23512.2	24004.1	0	0	8963.8	0	0	0	0	0	0	0	
0	0	0	0	14983	14983	0	0	5846.47	0	0	0	0	0	0	0	
0	0	0	0	15259.9	15985.8	0	0	4496.21	0	0	0	0	0	0	0	
0	0	0	0	15006.9	8091.57	0	0	4142.02	0	0	0	0	0	0	0	
0	0	0	0	8091.57	0	0	0	2093.31	0	0	0	0	0	0	0	
0	0	0	0	0	0	0	0	0	0	0	0	0	0	0	0	
