
thermalState[i][t]
1	1	1	1	1	1	1	1	1	1	1	1	1	1	1	1	1	1	1	1	1	1	0	0	
1	1	1	1	0	0	0	0	0	0	0	1	1	1	1	1	0	0	0	0	0	0	0	0	
1	1	1	1	0	0	0	0	0	0	0	0	0	0	0	0	0	0	1	1	1	1	1	1	
1	1	1	1	1	1	1	1	1	1	1	1	1	1	1	1	1	1	1	1	1	1	1	1	
1	1	1	1	1	1	1	1	1	1	1	1	1	1	1	1	1	1	1	1	1	1	1	1	
1	1	1	1	1	1	1	1	1	1	1	1	1	1	1	1	1	1	1	1	1	1	1	1	
1	1	1	1	0	0	0	0	0	0	0	0	0	0	0	0	0	0	0	0	0	0	0	0	
0	0	0	0	0	0	1	1	1	1	1	1	1	1	1	1	1	1	1	1	1	0	0	0	
0	0	0	0	0	1	1	1	1	1	1	1	1	1	1	1	1	1	1	1	1	1	1	1	
0	0	0	0	0	0	0	0	0	0	0	0	0	0	0	0	0	1	0	0	0	0	0	0	
0	0	0	0	0	0	0	0	0	1	0	1	0	0	0	0	1	1	0	0	0	0	0	0	
1	1	0	0	0	0	0	1	1	1	1	1	0	0	0	0	1	1	1	1	0	0	0	0	
1	1	0	0	0	0	1	1	1	1	1	1	1	1	1	1	1	1	1	1	1	1	1	0	
0	0	0	0	0	0	0	1	1	1	1	0	0	0	0	0	1	1	1	0	0	0	0	0	
0	0	0	0	0	0	0	0	1	0	1	0	0	0	0	0	1	1	0	0	0	0	0	0	
1	1	0	0	0	0	1	1	1	1	1	1	1	1	1	1	1	1	1	1	0	0	0	0	

thermalPower
303.306	303.306	303.306	303.306	303.306	303.306	446.195	728.941	1812.66	1578	1812.66	1578	726	303.306	726	1019.83	1812.66	1812.66	1152	1074.65	726	726	0	0	
364.645	364.645	364.645	364.645	0	0	0	0	0	0	0	831.2	831.2	831.2	831.2	653.852	0	0	0	0	0	0	0	0	
364.645	364.645	364.645	364.645	0	0	0	0	0	0	0	0	0	0	0	0	0	0	693.95	831.2	831.2	831.2	831.2	369.095	
364.645	364.645	364.645	364.645	364.645	831.2	831.2	831.2	364.645	551.41	491.218	831.2	831.2	831.2	831.2	831.2	364.645	364.645	831.2	831.2	831.2	831.2	831.2	831.2	
302.524	302.524	302.524	302.524	1208.39	1308	1644	1818.68	1644	1644	1644	1645.7	1781.95	1644	1644	1644	1485.4	1309.86	1644	1644	1644	1644	1308	1308	
302.524	302.524	302.524	302.524	1292.52	1423.22	1644	1980	1550.45	1644	1644	1828.92	1644	1644	1644	1644	1644	1464.68	1644	1644	1644	1644	1528.79	1308	
240.609	240.609	240.609	240.609	0	0	0	0	0	0	0	0	0	0	0	0	0	0	0	0	0	0	0	0	
0	0	0	0	0	0	357.5	715	715	715	715	715	602	489	602	715	715	715	715	715	357.5	0	0	0	
0	0	0	0	0	324	548	660	660	660	660	660	660	530.944	621.499	660	660	660	660	660	660	548	324	324	
0	0	0	0	0	0	0	0	0	0	0	0	0	0	0	0	0	45.9877	0	0	0	0	0	0	
0	0	0	0	0	0	0	0	0	214.5	0	191.938	0	0	0	0	214.5	214.5	0	0	0	0	0	0	
120.377	120.377	0	0	0	0	0	396	792	792	792	396	0	0	0	0	396	792	413.27	396	0	0	0	0	
150.584	150.584	0	0	0	0	495	990	990	990	990	990	822	654	654	990	990	990	990	990	843.568	804.78	486	0	
0	0	0	0	0	0	0	52.9982	635.708	301.14	621.823	0	0	0	0	0	580.151	777.72	152.87	0	0	0	0	0	
0	0	0	0	0	0	0	0	225.59	0	225.59	0	0	0	0	0	390.776	443	0	0	0	0	0	0	
120.377	120.377	0	0	0	0	254.4	557.007	792	792	792	792	396	254.4	261.6	657.6	792	792	792	396	0	0	0	0	

Up Reserve
0	0	0	0	0	0	500	439.144	500	500	500	500	458.775	373.189	500	500	500	500	500	0	500	500	0	0	
0	0	0	0	0	0	0	0	0	0	0	583.5	0	0	600	554.725	0	0	0	0	0	0	0	0	
0	0	92.8117	508.375	0	0	0	0	0	0	0	0	0	0	0	0	0	0	600	600	171.06	0	0	600	
0	598.045	0	0	0	600	0	600	600	8.05	47.72	0	600	0	264.795	0	600	138.479	600	0	600	486.86	427.63	87.715	
0	0	0	0	0	0	178.205	161.318	4.465	0	336	0	0	336	0	0	439.74	670.145	0	248.355	0	0	0	0	
0	0	0	0	612.99	237.41	0	0	0	336	0	0	0	0	0	336	0	515.316	183.72	336	0	0	0	0	
0	0	400	0	0	0	0	0	0	0	0	0	0	0	0	0	0	0	0	0	0	0	0	0	
0	0	0	0	0	0	250	0	0	0	0	0	0	226	0	0	0	0	0	0	0	0	0	0	
0	0	0	0	0	0	0	0	0	0	0	0	0	129.056	0	0	0	0	0	0	0	0	0	0	
0	0	0	0	0	0	0	0	0	0	0	0	0	0	0	0	0	0	0	0	0	0	0	0	
0	0	0	0	0	0	0	0	0	150	0	150	0	0	0	0	0	0	0	0	0	0	0	0	
147.623	0	0	0	0	0	0	0	0	0	0	0	0	0	0	0	0	0	0	300	0	0	0	0	
0	0	0	0	0	0	0	0	0	0	0	0	0	0	0	0	0	0	0	0	0	0	350	0	
0	0	0	0	0	0	0	0	0	90	90	0	0	0	0	0	90	90	90	0	0	0	0	0	
0	0	0	0	0	0	0	0	100	0	100	0	0	0	0	0	0	0	0	0	0	0	0	0	
0	0	0	0	0	0	250	234.993	0	0	0	0	0	0	250	134.4	0	0	0	250	0	0	0	0	

Down Reserve
0	0	0	0	0	0	0	0	0	0	0	0	0	0	0	0	0	0	0	0	0	0	0	0	
0	0	0	0	0	0	0	0	0	0	0	0	0	0	0	0	0	0	0	0	0	0	0	0	
0	0	4.64501	0	0	0	0	0	0	0	0	0	0	0	0	0	0	0	0	0	0	0	0	0	
0	0	0	0	0	0	0	0	0	0	0	0	0	0	0	0	0	0	0	0	0	0	0	0	
2.52388	2.52388	0	0	0	0	0	0	0	0	0	0	0	0	0	0	0	0	0	0	0	0	0	0	
0	0	0	0	0	0	0	0	0	0	0	0	0	0	0	0	0	0	0	0	0	0	0	0	
0	0	0	0	0	0	0	0	0	0	0	0	0	0	0	0	0	0	0	0	0	0	0	0	
0	0	0	0	0	0	0	0	0	0	0	0	0	0	0	0	0	0	0	0	0	0	0	0	
0	0	0	0	0	0	0	0	0	0	0	0	0	0	0	0	0	0	0	0	0	0	0	0	
0	0	0	0	0	0	0	0	0	0	0	0	0	0	0	0	0	0	0	0	0	0	0	0	
0	0	0	0	0	0	0	0	0	0	0	0	0	0	0	0	0	0	0	0	0	0	0	0	
0	0.377079	0	0	0	0	0	0	0	0	0	0	0	0	0	0	0	0	0	0	0	0	0	0	
0	0	0	0	0	0	0	0	0	0	0	0	0	0	0	0	0	0	0	0	0	0	0	0	
0	0	0	0	0	0	0	0	0	0	0	0	0	0	0	0	0	90	0	0	0	0	0	0	
0	0	0	0	0	0	0	0	0	0	0	0	0	0	0	0	0	0	0	0	0	0	0	0	
0.377079	0	0	0	0	0	0	0	0	0	0	0	0	0	0	0	0	0	0	0	0	0	0	0	

fuelCost 
4906.6	5433.02	5433.02	5433.02	4337.05	4337.05	3997.04	0	0	0	0	2250.4	2584.85	0	0	2250.4	
4906.6	5433.02	5433.02	5433.02	4337.05	4337.05	3997.04	0	0	0	0	2250.4	2584.85	0	0	2250.4	
4906.6	5433.02	5433.02	5433.02	4337.05	4337.05	3997.04	0	0	0	0	0	0	0	0	0	
4906.6	5433.02	5433.02	5433.02	4337.05	4337.05	3997.04	0	0	0	0	0	0	0	0	0	
4906.6	0	0	5433.02	13815.6	14801.6	0	0	0	0	0	0	0	0	0	0	
4906.6	0	0	11231.3	14983	16464.4	0	0	4496.21	0	0	0	0	0	0	0	
6818.21	0	0	11231.3	19302.8	19302.8	0	5267.64	7425.68	0	0	0	6760.56	0	0	4023.97	
10605.8	0	0	11231.3	21747	24004.1	0	10079.4	8963.8	0	0	5986.2	13565.7	1805.93	0	8328.23	
28392	0	0	5433.02	19302.8	18100	0	10079.4	8963.8	0	0	11936.6	13565.7	12679.3	5453.08	11936.6	
24083.1	0	0	7754.12	19302.8	19302.8	0	10079.4	8963.8	0	3743.38	11936.6	13565.7	6221.44	0	11936.6	
28392	0	0	7006.06	19302.8	19302.8	0	10079.4	8963.8	0	0	11936.6	13565.7	12400	5453.08	11936.6	
24083.1	11231.3	0	11231.3	19326.6	21890.3	0	10079.4	8963.8	0	3382.31	5986.2	13565.7	0	0	11936.6	
10561.5	11231.3	0	11231.3	21233	19302.8	0	8503.52	8963.8	0	0	0	11148	0	0	5986.2	
4906.6	11231.3	0	11231.3	19302.8	19302.8	0	6977.44	7198.9	0	0	0	8840.37	0	0	4023.97	
10561.5	11231.3	0	11231.3	19302.8	19302.8	0	8503.52	8435.06	0	0	0	8840.37	0	0	4123.53	
14980.6	9027.26	0	11231.3	19302.8	19302.8	0	10079.4	8963.8	0	0	0	13565.7	0	0	9838.69	
28392	0	0	5433.02	17263.8	19302.8	0	10079.4	8963.8	0	3743.38	5986.2	13565.7	11561.7	8830.84	11936.6	
28392	0	0	5433.02	15006.9	16997.4	0	10079.4	8963.8	1529.28	3743.38	11936.6	13565.7	15544.3	9939.01	11936.6	
16968.4	0	9525.59	11231.3	19302.8	19302.8	0	10079.4	8963.8	0	0	6235.26	13565.7	3578.51	0	11936.6	
15805.1	0	11231.3	11231.3	19302.8	19302.8	0	10079.4	8963.8	0	0	5986.2	13565.7	0	0	5986.2	
10561.5	0	11231.3	11231.3	19302.8	19302.8	0	5267.64	8963.8	0	0	0	11458.4	0	0	0	
10561.5	0	11231.3	11231.3	19302.8	19302.8	0	0	7425.68	0	0	0	10911.5	0	0	0	
0	0	11231.3	11231.3	14983	17821.6	0	0	4496.21	0	0	0	6642.83	0	0	0	
0	0	5488.33	11231.3	14983	14983	0	0	4496.21	0	0	0	0	0	0	0	
