
thermalState[i][t]
1	1	1	1	1	1	1	1	1	1	1	1	1	1	1	1	1	1	1	1	1	1	0	0	
1	1	1	1	1	1	1	1	1	1	1	1	1	1	1	1	1	1	1	1	1	1	1	1	
1	1	1	1	1	1	1	1	1	1	1	1	1	1	1	1	1	1	1	1	1	1	1	1	
1	1	1	1	1	1	1	1	1	1	1	1	1	1	1	1	1	1	1	1	1	1	1	1	
1	1	1	1	1	1	1	1	1	1	1	1	1	1	1	1	1	1	1	1	1	1	1	1	
1	1	1	1	1	1	1	1	1	1	1	1	1	1	1	1	1	1	1	1	1	1	1	1	
1	1	1	1	1	1	1	1	1	1	1	1	1	1	1	1	1	1	1	1	1	1	0	0	
0	0	0	0	1	1	1	1	1	1	1	1	1	1	1	1	1	1	1	1	1	1	1	1	
1	1	1	1	1	1	1	1	1	1	1	1	1	1	1	1	1	1	1	1	1	1	1	1	
0	0	0	0	0	0	0	1	1	1	1	1	1	1	1	0	0	0	0	0	0	0	0	0	
0	0	0	0	0	0	1	1	1	1	1	1	1	1	1	1	1	1	1	1	1	1	0	0	
0	0	0	0	0	0	1	1	1	1	1	1	1	1	1	1	1	1	1	1	1	1	0	0	
0	0	0	0	1	1	1	1	1	1	1	1	1	1	1	1	1	1	1	1	1	1	1	1	
0	0	0	0	0	0	0	0	1	1	1	1	1	1	0	0	1	1	1	1	0	0	0	0	
0	0	0	0	0	0	0	0	0	0	0	0	0	0	0	0	0	0	0	0	0	0	0	0	
0	0	0	0	1	1	1	1	1	1	1	1	1	1	1	1	1	1	1	1	1	1	1	1	

thermalPower
526	404.168	334.52	300.959	752	752	752	978	1430	1430	1430	1430	1430	1430	1204	978	1204	1430	1430	1319.32	819.32	500	0	0	
631.2	631.2	631.2	522.598	902.4	903.74	1173.6	1226.9	1445.96	1716	1716	1716	1716	1690.88	1444.8	1444.8	1444.8	1716	1716	1514.64	1173.6	1173.6	1066.16	902.4	
631.2	631.2	631.2	631.2	902.4	902.4	1173.6	1444.8	1702.62	1716	1716	1716	1716	1445.96	1444.8	1444.8	1444.8	1716	1716	1716	1173.6	902.4	1173.6	902.4	
792.259	631.2	631.2	631.2	902.4	903.74	1173.6	1444.8	1444.8	1716	1716	1716	1716	1716	1444.8	1444.8	1444.8	1716	1716	1716	1173.6	1028.12	902.4	902.4	
1644	1644	1644	1308	1645.7	1960.24	1980	1980	1980	1980	1980	1980	1980	1980	1980	1980	1980	1980	1980	1980	1980	1980	1980	1849.78	
1644	1644	1644	1308	1651.5	1980	1980	1980	1980	1980	1980	1980	1980	1980	1980	1980	1980	1980	1980	1980	1980	1980	1980	1980	
420.8	240.609	240.609	240.609	601.6	601.6	782.4	963.2	1144	1144	1144	1144	1144	1144	1144	963.2	1142.98	1144	1144	1144	782.4	400	0	0	
0	0	0	0	200	400	600	715	715	715	715	715	715	715	715	715	715	715	715	715	715	715	715	715	
436	436	436	324	524	660	660	660	660	660	660	660	660	660	660	660	660	660	660	660	660	660	660	660	
0	0	0	0	0	0	0	46.7	96.7	146.7	196.7	200	150	100	50	0	0	0	0	0	0	0	0	0	
0	0	0	0	0	0	100	200	300	400	429	429	429	329	293.4	229	329	429	400	300	200	100	0	0	
0	0	0	0	0	0	250	500	750	792	792	792	792	792	792	792	792	792	792	750	500	250	0	0	
0	0	0	0	350	700	990	990	990	990	990	990	990	990	990	990	990	990	990	990	990	822	822	822	
0	0	0	0	0	0	0	0	124.7	249.7	249.7	249.7	249.7	124.7	0	0	124.7	249.7	249.7	124.7	0	0	0	0	
0	0	0	0	0	0	0	0	0	0	0	0	0	0	0	0	0	0	0	0	0	0	0	0	
0	0	0	0	150	300	450	600	750	792	792	792	792	792	792	764.9	792	792	792	792	642	492	388.8	388.8	

Up Reserve
0	79.828	0	0	0	0	0	0	0	0	0	0	0	0	226	0	0	0	0	0	0	0	0	0	
0	0	600	0	0	0	281.172	234.832	0	0	0	0	0	0	271.2	271.2	0	0	0	201.36	0	0	0	0	
0	0	0	600	0	0	0	271.2	0	0	0	0	0	0	0	0	0	0	0	0	397.904	40.624	0	0	
0	0	0	0	0	0	0	0	0	0	0	0	0	0	0	0	0	0	0	0	0	0	0	0	
336	336	76.676	0	0	0	0	0	0	0	0	0	0	0	0	0	0	0	0	0	0	0	0	0	
0	336	0	39.1	0	0	0	0	0	0	0	0	0	0	0	0	0	0	0	0	0	0	0	0	
0	0	0	0	0	0	0	0	0	0	0	0	0	0	0	0	0	0	0	0	0	0	0	0	
0	0	0	0	0	0	0	0	0	0	0	0	0	0	0	0	0	0	0	0	0	0	0	0	
0	0	0	0	0	0	0	0	0	0	0	0	0	0	0	0	0	0	0	0	0	0	0	0	
0	0	0	0	0	0	0	0	0	0	0	14.5	64.5	0	0	0	0	0	0	0	0	0	0	0	
0	0	0	0	0	0	0	0	129	0	0	0	0	0	135.6	0	0	2.92969e-005	0	0	0	0	0	0	
0	0	0	0	0	0	0	0	0	0	0	0	0	0	0	0	0	0	0	42	0	0	0	0	
0	0	0	0	0	0	0	0	0	0	0	0	0	0	0	0	0	0	0	0	0	0	0	0	
0	0	0	0	0	0	0	0	0	0	0	0	0	0	0	0	0	0	0	0	0	0	0	0	
0	0	0	0	0	0	0	0	0	0	0	0	0	0	0	0	0	0	0	0	0	0	0	0	
0	0	0	0	0	0	0	192	0	0	0	0	0	0	0	0	0	0	0	0	0	0	0	0	

Down Reserve
0	104.168	34.5199	0	217.901	0	0	0	0	0	0	0	0	0	0	368.987	0	0	0	0	0	0	0	0	
0	0	0	0	0	0	0	0	0	0	0	0	0	0	0	0	0	0	0	0	0	0	0	0	
0	177.767	219.234	239.663	0	0	0	0	600	600	0	600	0	0	0	0	0	0	0	0	249.214	465.234	0	324.209	
0	0	0	0	0	214.779	480.779	0	0	0	0	0	0	0	0	0	0	0	40.468	0	0	0	0	0	
0	0	0	0	0	0	0	583.255	0	0	0	358.65	0	531.716	0	0	0	0	0	750	0	0	366.597	0	
0	0	0	0	0	0	0	0	0	0	0	0	0	0	511.26	0	750	0	0	0	0	0	0	0	
0	0	0	0	0	0	0	0	0	0	400	0	0	0	0	0	0	400	400	0	0	0	0	0	
0	0	0	0	0	0	0	0	0	0	0	0	0	0	250	0	0	0	250	0	0	0	0	0	
0	0	0	0	0	0	0	0	0	0	0	0	0	0	0	0	0	0	0	0	0	0	0	0	
0	0	0	0	0	0	0	0	0	0	0	0	0	0	0	0	0	0	0	0	0	0	0	0	
0	0	0	0	0	0	10	0	0	0	0	0	0	0	0	0	0	150	0	0	0	0	0	0	
0	0	0	0	0	0	0	0	0	0	300	0	300	300	0	0	0	0	0	67.6245	0	0	0	0	
0	0	0	0	0	0	0	0	203.534	0	230.468	0	0	0	0	350	0	62.286	0	0	350	0	0	0	
0	0	0	0	0	0	0	0	0	72.995	0	0	0	0	0	0	18.306	0	0	0	0	0	0	0	
0	0	0	0	0	0	0	0	0	0	0	0	0	0	0	0	0	0	0	0	0	0	0	0	
0	0	0	0	0	180	0	0	0	0	0	0	0	0	0	0	0	0	0	0	0	0	0	0	

fuelCost 
6022.7	6670.41	6670.41	8298.35	14848.3	14848.3	4887.94	0	4566.53	0	0	0	0	0	0	0	
4805.48	6670.41	6670.41	6670.41	14848.3	14848.3	3074.65	0	4566.53	0	0	0	0	0	0	0	
4109.62	6670.41	6670.41	6670.41	14848.3	14848.3	3074.65	0	4566.53	0	0	0	0	0	0	0	
3774.31	5666.94	6670.41	6670.41	11525.4	11525.4	3074.65	0	3458.63	0	0	0	0	0	0	0	
8433.89	9411.63	9411.63	9411.63	14866.6	14929	6805.44	2543.98	5466.59	0	0	0	3809.98	0	0	2032.62	
8433.89	9426.34	9411.63	9426.34	18252	18464.7	6805.44	4472.86	6895.23	0	0	0	7286.32	0	0	3580.38	
8433.89	12388.2	12388.2	12388.2	18464.7	18464.7	8820.99	6520.39	6895.23	0	1484.12	3050.57	10435.1	0	0	5203.82	
10998.3	13019.5	15600.2	15600.2	18464.7	18464.7	10934.6	7753.37	6895.23	1197.82	2701.02	5758.49	10435.1	0	0	6902.92	
16586.8	15614.9	18877.4	15600.2	18464.7	18464.7	13146.3	7753.37	6895.23	1838.88	3951.81	8677.7	10435.1	2358.71	0	8677.7	
16586.8	19047.5	19047.5	19047.5	18464.7	18464.7	13146.3	7753.37	6895.23	2488.46	5241.1	9182	10435.1	4072.23	0	9182	
16586.8	19047.5	19047.5	19047.5	18464.7	18464.7	13146.3	7753.37	6895.23	3148.63	5619.33	9182	10435.1	4072.23	0	9182	
16586.8	19047.5	19047.5	19047.5	18464.7	18464.7	13146.3	7753.37	6895.23	3192.49	5619.33	9182	10435.1	4072.23	0	9182	
16586.8	19047.5	19047.5	19047.5	18464.7	18464.7	13146.3	7753.37	6895.23	2531.89	5619.33	9182	10435.1	4072.23	0	9182	
16586.8	18728.2	15614.9	19047.5	18464.7	18464.7	13146.3	7753.37	6895.23	1881.47	4322.96	9182	10435.1	2358.71	0	9182	
13716	15600.2	15600.2	15600.2	18464.7	18464.7	13146.3	7753.37	6895.23	1239.98	3867.34	9182	10435.1	0	0	9182	
10998.3	15600.2	15600.2	15600.2	18464.7	18464.7	10934.6	7753.37	6895.23	0	3058.85	9182	10435.1	0	0	8856.61	
13716	15600.2	15600.2	15600.2	18464.7	18464.7	13133.8	7753.37	6895.23	0	4322.95	9182	10435.1	2358.71	0	9182	
16586.8	19047.5	19047.5	19047.5	18464.7	18464.7	13146.3	7753.37	6895.23	0	5619.33	9182	10435.1	4072.23	0	9182	
16586.8	19047.5	19047.5	19047.5	18464.7	18464.7	13146.3	7753.37	6895.23	0	5241.1	9182	10435.1	4072.23	0	9182	
15180.9	16487.9	19047.5	19047.5	18464.7	18464.7	13146.3	7753.37	6895.23	0	3951.81	8677.7	10435.1	2358.71	0	9182	
9197.77	12388.2	12388.2	12388.2	18464.7	18464.7	8820.99	7753.37	6895.23	0	2701.02	5758.49	10435.1	0	0	7388.04	
5762.93	12388.2	9411.63	10791.5	18464.7	18464.7	4678.63	7753.37	6895.23	0	1484.12	3050.57	8575.38	0	0	5669.74	
0	11209	12388.2	9411.63	18464.7	18464.7	0	7753.37	6895.23	0	0	0	8575.38	0	0	4524.9	
0	9411.63	9411.63	9411.63	17063.1	18464.7	0	7753.37	6895.23	0	0	0	8575.38	0	0	4524.9	
